*3DSMAX_ASCIIEXPORT	110
*COMMENT "[ Kerrax ASCII Model Exporter ] - Oct 20 2011"
*SCENE {
	*SCENE_FILENAME ""
	*SCENE_FIRSTFRAME 0
	*SCENE_LASTFRAME 100
	*SCENE_FRAMESPEED 25
	*SCENE_TICKSPERFRAME 192
	*SCENE_BACKGROUND_STATIC 0	0	0
	*SCENE_AMBIENT_STATIC 0.2	0.2	0.2
}
*MATERIAL_LIST {
	*MATERIAL_COUNT 1
	*MATERIAL 0 {
		*MATERIAL_NAME "MultiMtl #0"
		*MATERIAL_CLASS "Multi/Sub-Object"
		*NUMSUBMTLS 1
		*SUBMATERIAL 0 {
			*MATERIAL_NAME "V91"
			*MATERIAL_CLASS "Standard"
			*MATERIAL_DIFFUSE 0.5098040103912354	0.4078429937362671	0.3058820068836212
			*MAP_DIFFUSE {
				*BITMAP "Lumpen1.tga"
			}
		}
	}
}
*HELPEROBJECT {
	*NODE_NAME "Bip01"
	*NODE_TM {
		*NODE_NAME "Bip01"
		*TM_ROW0 -2.220446049250313e-16	-1.0	0.0
		*TM_ROW1 1.0	-2.220446049250313e-16	0.0
		*TM_ROW2 0.0	0.0	1.0
		*TM_ROW3 0.0	-7.377449989318848	99.94960021972656
		*TM_POS 0.0	-7.377449989318848	99.94960021972656
		*TM_ROTAXIS 0.0	0.0	1.0
		*TM_ROTANGLE 1.5707963267948968
		*TM_SCALE 1	1	1
		*TM_SCALEAXIS 0	0	0
		*TM_SCALEAXISANG 0	0	0
	}
}
*HELPEROBJECT {
	*NODE_NAME "Bip01 Pelvis"
	*NODE_PARENT "Bip01"
	*NODE_TM {
		*NODE_NAME "Bip01 Pelvis"
		*TM_ROW0 -1.5890806892571163e-08	1.7881388885143679e-06	1.0
		*TM_ROW1 -1.7722423990562675e-06	-1.0	1.7881388885143679e-06
		*TM_ROW2 1.0	-1.7722423990562675e-06	1.5890805116214324e-08
		*TM_ROW3 -5.2743802370969206e-05	-8.011300086975098	99.94960021972656
		*TM_POS -5.2743802370969206e-05	-8.011300086975098	99.94960021972656
		*TM_ROTAXIS 0.7071067690849304	5.620257592653388e-09	0.7071067690849304
		*TM_ROTANGLE 3.1415951711595254
		*TM_SCALE 1	1	1
		*TM_SCALEAXIS 0	0	0
		*TM_SCALEAXISANG 0	0	0
	}
}
*HELPEROBJECT {
	*NODE_NAME "Bip01 Spine"
	*NODE_PARENT "Bip01 Pelvis"
	*NODE_TM {
		*NODE_NAME "Bip01 Spine"
		*TM_ROW0 -9.109993698075414e-05	-0.02059466950595379	0.9998791217803955
		*TM_ROW1 5.577216143137775e-06	-0.9999702572822571	-0.02059466950595379
		*TM_ROW2 1.0000911951065063	5.577425781666534e-06	-9.112029511015862e-05
		*TM_ROW3 -5.230952592683025e-05	-7.922159671783447	102.3499984741211
		*TM_POS -5.230952592683025e-05	-7.922159671783447	102.3499984741211
		*TM_ROTAXIS 0.7071202993392944	-0.007279590237885714	0.7071202993392944
		*TM_ROTANGLE 3.127025842885405
		*TM_SCALE 1	1	1
		*TM_SCALEAXIS 0	0	0
		*TM_SCALEAXISANG 0	0	0
	}
}
*HELPEROBJECT {
	*NODE_NAME "Bip01 Spine1"
	*NODE_PARENT "Bip01 Spine"
	*NODE_TM {
		*NODE_NAME "Bip01 Spine1"
		*TM_ROW0 -0.005665017291903496	-0.002769946353510022	1.005661129951477
		*TM_ROW1 -1.8237724361824803e-06	-1.0113259553909302	-0.002769946353510022
		*TM_ROW2 1.0056649446487427	-1.8240883719045087e-06	-0.00566478818655014
		*TM_ROW3 -5.227103611105122e-05	-8.114419937133789	112.17500305175781
		*TM_POS -5.227103611105122e-05	-8.114419937133789	112.17500305175781
		*TM_ROTAXIS 0.7091064453125	-0.0009772061603143811	0.7091065049171448
		*TM_ROTANGLE 3.1396408139337186
		*TM_SCALE 1	1	1
		*TM_SCALEAXIS 0	0	0
		*TM_SCALEAXISANG 0	0	0
	}
}
*HELPEROBJECT {
	*NODE_NAME "Bip01 Spine2"
	*NODE_PARENT "Bip01 Spine1"
	*NODE_TM {
		*NODE_NAME "Bip01 Spine2"
		*TM_ROW0 -2.0618942926375894e-06	0.18024304509162903	0.9836238622665405
		*TM_ROW1 1.5675105942136724e-06	-0.9836256504058838	0.18024304509162903
		*TM_ROW2 1.0000017881393433	1.5983191588020418e-06	-1.7228367141797207e-06
		*TM_ROW3 -5.46288829355035e-05	-8.126399993896484	124.96099853515625
		*TM_POS -5.46288829355035e-05	-8.126399993896484	124.96099853515625
		*TM_ROTAXIS -0.7056522369384766	-0.06411997973918915	-0.7056523561477661
		*TM_ROTANGLE 3.0135302483539044
		*TM_SCALE 1	1	1
		*TM_SCALEAXIS 0	0	0
		*TM_SCALEAXISANG 0	0	0
	}
}
*HELPEROBJECT {
	*NODE_NAME "Bip01 Neck"
	*NODE_PARENT "Bip01 Spine2"
	*NODE_TM {
		*NODE_NAME "Bip01 Neck"
		*TM_ROW0 -3.908805012997618e-07	-0.16704291105270386	0.9859502911567688
		*TM_ROW1 4.805904154636664e-06	-0.9859508872032166	-0.16704291105270386
		*TM_ROW2 1.0000005960464478	4.779545179189881e-06	-7.7500324380253e-08
		*TM_ROW3 -7.507019472541288e-05	-2.716560125350952	154.45399475097656
		*TM_POS -7.507019472541288e-05	-2.716560125350952	154.45399475097656
		*TM_ROTAXIS 0.7058596611022949	-0.059369783848524094	0.7058597803115845
		*TM_ROTANGLE 3.0229855095557623
		*TM_SCALE 1	1	1
		*TM_SCALEAXIS 0	0	0
		*TM_SCALEAXISANG 0	0	0
	}
}
*HELPEROBJECT {
	*NODE_NAME "Bip01 Head"
	*NODE_PARENT "Bip01 Neck"
	*NODE_TM {
		*NODE_NAME "Bip01 Head"
		*TM_ROW0 -4.398380042403005e-07	1.7540297676532646e-06	1.0
		*TM_ROW1 -1.8040377653960604e-06	-1.0	1.7540289718454005e-06
		*TM_ROW2 1.0	-1.8040369695881964e-06	4.398378052883345e-07
		*TM_ROW3 -7.747368363197893e-05	-3.8590102195739746	161.197998046875
		*TM_POS -7.747368363197893e-05	-3.8590102195739746	161.197998046875
		*TM_ROTAXIS 0.7071066498756409	-1.7680493513694273e-08	0.7071069478988647
		*TM_ROTANGLE 3.1415951695229203
		*TM_SCALE 1	1	1
		*TM_SCALEAXIS 0	0	0
		*TM_SCALEAXISANG 0	0	0
	}
}
*HELPEROBJECT {
	*NODE_NAME "ZS_HELMET"
	*NODE_PARENT "Bip01 Head"
	*NODE_TM {
		*NODE_NAME "ZS_HELMET"
		*TM_ROW0 1.0	5.457568533380475e-13	2.7997061320759326e-14
		*TM_ROW1 -5.418777948053288e-13	0.9969173073768616	-0.07845928519964218
		*TM_ROW2 -7.073044271587933e-14	0.07845928519964218	0.9969173073768616
		*TM_ROW3 1.0000002475862857e-05	-7.0624799728393555	173.70399475097656
		*TM_POS 1.0000002475862857e-05	-7.0624799728393555	173.70399475097656
		*TM_ROTAXIS 0.9999982714653015	6.2916284595399e-13	-6.931191731673891e-12
		*TM_ROTANGLE 0.07854014523704653
		*TM_SCALE 1	1	1
		*TM_SCALEAXIS 0	0	0
		*TM_SCALEAXISANG 0	0	0
	}
}
*HELPEROBJECT {
	*NODE_NAME "Bip01 L Clavicle"
	*NODE_PARENT "Bip01 Neck"
	*NODE_TM {
		*NODE_NAME "Bip01 L Clavicle"
		*TM_ROW0 0.9352287650108337	-0.20389297604560852	-0.28943878412246704
		*TM_ROW1 0.15643541514873505	0.9713689088821411	-0.17880257964134216
		*TM_ROW2 0.31760841608047485	0.12194284796714783	0.9403482675552368
		*TM_ROW3 7.963915824890137	-1.2580409049987793	148.72900390625
		*TM_POS 7.963915824890137	-1.2580409049987793	148.72900390625
		*TM_ROTAXIS 0.3919390141963959	-0.7911192178726196	0.4695890247821808
		*TM_ROTANGLE 0.39376018462854256
		*TM_SCALE 1	1	1
		*TM_SCALEAXIS 0	0	0
		*TM_SCALEAXISANG 0	0	0
	}
}
*HELPEROBJECT {
	*NODE_NAME "Bip01 L UpperArm"
	*NODE_PARENT "Bip01 L Clavicle"
	*NODE_TM {
		*NODE_NAME "Bip01 L UpperArm"
		*TM_ROW0 0.24622942507266998	0.09890285134315491	-0.9641520977020264
		*TM_ROW1 0.4127888083457947	0.8893450498580933	0.1966489553451538
		*TM_ROW2 0.8769130110740662	-0.44641196727752686	0.17815692722797394
		*TM_ROW3 20.42682647705078	-3.975080966949463	144.8719940185547
		*TM_POS 20.42682647705078	-3.975080966949463	144.8719940185547
		*TM_ROTAXIS -0.32556092739105225	-0.9320716857910156	0.15891030430793762
		*TM_ROTANGLE 1.413280102441451
		*TM_SCALE 1	1	1
		*TM_SCALEAXIS 0	0	0
		*TM_SCALEAXISANG 0	0	0
	}
}
*HELPEROBJECT {
	*NODE_NAME "Bip01 L Forearm"
	*NODE_PARENT "Bip01 L UpperArm"
	*NODE_TM {
		*NODE_NAME "Bip01 L Forearm"
		*TM_ROW0 0.04551269859075546	-0.2918816804885864	-0.9553709626197815
		*TM_ROW1 0.4784887731075287	0.8458861708641052	-0.2356376349925995
		*TM_ROW2 0.8769133687019348	-0.44640979170799255	0.1781606674194336
		*TM_ROW3 27.298133850097656	-1.2152533531188965	117.96601104736328
		*TM_POS 27.298133850097656	-1.2152533531188965	117.96601104736328
		*TM_ROTAXIS -0.10544987767934799	-0.9166967272758484	0.3854184150695801
		*TM_ROTANGLE 1.5360096029388932
		*TM_SCALE 1	1	1
		*TM_SCALEAXIS 0	0	0
		*TM_SCALEAXISANG 0	0	0
	}
}
*HELPEROBJECT {
	*NODE_NAME "Bip01 L Hand"
	*NODE_PARENT "Bip01 L Forearm"
	*NODE_TM {
		*NODE_NAME "Bip01 L Hand"
		*TM_ROW0 0.04550939053297043	-0.2918867766857147	-0.9553695917129517
		*TM_ROW1 -0.8765335083007812	0.44708091020584106	-0.17834725975990295
		*TM_ROW2 0.47918474674224854	0.8455299139022827	-0.23550215363502502
		*TM_ROW3 28.564144134521484	-9.334378242492676	91.39099884033203
		*TM_POS 28.564144134521484	-9.334378242492676	91.39099884033203
		*TM_ROTAXIS 0.5513902306556702	-0.7725528478622437	-0.31485074758529663
		*TM_ROTANGLE 1.9513728965168475
		*TM_SCALE 1	1	1
		*TM_SCALEAXIS 0	0	0
		*TM_SCALEAXISANG 0	0	0
	}
}
*HELPEROBJECT {
	*NODE_NAME "Bip01 L Finger0"
	*NODE_PARENT "Bip01 L Hand"
	*NODE_TM {
		*NODE_NAME "Bip01 L Finger0"
		*TM_ROW0 0.0455094650387764	-0.29188668727874756	-0.9553695917129517
		*TM_ROW1 -0.8769153356552124	0.44640639424324036	-0.17815934121608734
		*TM_ROW2 0.4784854054450989	0.8458861708641052	-0.23564419150352478
		*TM_ROW3 29.1498966217041	-13.090898513793945	79.09559631347656
		*TM_POS 29.1498966217041	-13.090898513793945	79.09559631347656
		*TM_ROTAXIS 0.5515779852867126	-0.7723122239112854	-0.31511190533638
		*TM_ROTANGLE 1.9518127724371992
		*TM_SCALE 1	1	1
		*TM_SCALEAXIS 0	0	0
		*TM_SCALEAXISANG 0	0	0
	}
}
*HELPEROBJECT {
	*NODE_NAME "ZS_LEFTHAND"
	*NODE_PARENT "Bip01 L Hand"
	*NODE_TM {
		*NODE_NAME "ZS_LEFTHAND"
		*TM_ROW0 0.4356056749820709	0.8900619745254517	-0.134303480386734
		*TM_ROW1 0.18031227588653564	-0.2324613481760025	-0.9557453989982605
		*TM_ROW2 -0.88189297914505	0.39211156964302063	-0.26175057888031006
		*TM_ROW3 26.760499954223633	-11.546798706054688	82.78570556640625
		*TM_POS 26.760499954223633	-11.546798706054688	82.78570556640625
		*TM_ROTAXIS 0.7943215370178223	0.4405708312988281	-0.418271005153656
		*TM_ROTANGLE 2.128575293627332
		*TM_SCALE 1	1	1
		*TM_SCALEAXIS 0	0	0
		*TM_SCALEAXISANG 0	0	0
	}
}
*HELPEROBJECT {
	*NODE_NAME "ZS_LEFTARM"
	*NODE_PARENT "Bip01 L Forearm"
	*NODE_TM {
		*NODE_NAME "ZS_LEFTARM"
		*TM_ROW0 0.07599224150180817	-0.15017610788345337	-0.9857344031333923
		*TM_ROW1 0.5244985222816467	0.8467916250228882	-0.08857360482215881
		*TM_ROW2 0.8480132222175598	-0.5102853178977966	0.14311674237251282
		*TM_ROW3 26.910097122192383	-7.678329944610596	110.05499267578125
		*TM_POS 26.910097122192383	-7.678329944610596	110.05499267578125
		*TM_ROTAXIS -0.2109704166650772	-0.917371928691864	0.3375205993652344
		*TM_ROTANGLE 1.5378400989174883
		*TM_SCALE 1	1	1
		*TM_SCALEAXIS 0	0	0
		*TM_SCALEAXISANG 0	0	0
	}
}
*HELPEROBJECT {
	*NODE_NAME "Bip01 R Clavicle"
	*NODE_PARENT "Bip01 Neck"
	*NODE_TM {
		*NODE_NAME "Bip01 R Clavicle"
		*TM_ROW0 -0.9352270364761353	-0.20389890670776367	-0.2894401550292969
		*TM_ROW1 -0.15644264221191406	0.9713684320449829	-0.17879889905452728
		*TM_ROW2 0.3176099359989166	-0.12193678319454193	-0.9403485059738159
		*TM_ROW3 -7.964051723480225	-1.2580598592758179	148.72900390625
		*TM_POS -7.964051723480225	-1.2580598592758179	148.72900390625
		*TM_ROTAXIS 0.09298009425401688	-0.9926393628120422	0.07759980112314224
		*TM_ROTANGLE 2.8308395559654413
		*TM_SCALE 1	1	1
		*TM_SCALEAXIS 0	0	0
		*TM_SCALEAXISANG 0	0	0
	}
}
*HELPEROBJECT {
	*NODE_NAME "Bip01 R UpperArm"
	*NODE_PARENT "Bip01 R Clavicle"
	*NODE_TM {
		*NODE_NAME "Bip01 R UpperArm"
		*TM_ROW0 -0.2462315708398819	0.0988931953907013	-0.9641525745391846
		*TM_ROW1 -0.4127926826477051	0.8893448114395142	0.19664183259010315
		*TM_ROW2 0.8769106268882751	0.4464145600795746	-0.1781623810529709
		*TM_ROW3 -20.426971435546875	-3.975127935409546	144.87197875976562
		*TM_POS -20.426971435546875	-3.975127935409546	144.87197875976562
		*TM_ROTAXIS 0.12961052358150482	-0.9553532600402832	-0.2655209004878998
		*TM_ROTANGLE 1.8416193280093043
		*TM_SCALE 1	1	1
		*TM_SCALEAXIS 0	0	0
		*TM_SCALEAXISANG 0	0	0
	}
}
*HELPEROBJECT {
	*NODE_NAME "Bip01 R Forearm"
	*NODE_PARENT "Bip01 R UpperArm"
	*NODE_TM {
		*NODE_NAME "Bip01 R Forearm"
		*TM_ROW0 -0.04550844430923462	-0.29188892245292664	-0.9553689360618591
		*TM_ROW1 -0.4784870445728302	0.8458847403526306	-0.2356463372707367
		*TM_ROW2 0.8769145607948303	0.4464077651500702	-0.17815996706485748
		*TM_ROW3 -27.298259735107422	-1.2153370380401611	117.96599578857422
		*TM_POS -27.298259735107422	-1.2153370380401611	117.96599578857422
		*TM_ROTAXIS 0.34727880358695984	-0.9329365491867065	-0.09500941634178162
		*TM_ROTANGLE 1.7608298709216847
		*TM_SCALE 1	1	1
		*TM_SCALEAXIS 0	0	0
		*TM_SCALEAXISANG 0	0	0
	}
}
*HELPEROBJECT {
	*NODE_NAME "Bip01 R Hand"
	*NODE_PARENT "Bip01 R Forearm"
	*NODE_TM {
		*NODE_NAME "Bip01 R Hand"
		*TM_ROW0 -0.045515310019254684	-0.29188740253448486	-0.9553691148757935
		*TM_ROW1 0.876529335975647	0.4470862150192261	-0.1783544421195984
		*TM_ROW2 0.4791918098926544	-0.8455268740653992	0.2354985773563385
		*TM_ROW3 -28.564250946044922	-9.334446907043457	91.39109802246094
		*TM_POS -28.564250946044922	-9.334446907043457	91.39109802246094
		*TM_ROTAXIS -0.3392181396484375	-0.7293902635574341	0.5940715074539185
		*TM_ROTANGLE 1.7532725011701267
		*TM_SCALE 1	1	1
		*TM_SCALEAXIS 0	0	0
		*TM_SCALEAXISANG 0	0	0
	}
}
*HELPEROBJECT {
	*NODE_NAME "Bip01 R Finger0"
	*NODE_PARENT "Bip01 R Hand"
	*NODE_TM {
		*NODE_NAME "Bip01 R Finger0"
		*TM_ROW0 -0.04551529139280319	-0.29188746213912964	-0.9553690552711487
		*TM_ROW1 0.8769129514694214	0.44640862941741943	-0.1781657189130783
		*TM_ROW2 0.47848933935165405	-0.8458847999572754	0.2356414645910263
		*TM_ROW3 -29.149999618530273	-13.09092903137207	79.09561157226562
		*TM_POS -29.149999618530273	-13.09092903137207	79.09561157226562
		*TM_ROTAXIS -0.3395130932331085	-0.729069709777832	0.5942964553833008
		*TM_ROTANGLE 1.753544419160925
		*TM_SCALE 1	1	1
		*TM_SCALEAXIS 0	0	0
		*TM_SCALEAXISANG 0	0	0
	}
}
*HELPEROBJECT {
	*NODE_NAME "ZS_RIGHTHAND"
	*NODE_PARENT "Bip01 R Hand"
	*NODE_TM {
		*NODE_NAME "ZS_RIGHTHAND"
		*TM_ROW0 -0.464344322681427	0.8564171195030212	-0.22568631172180176
		*TM_ROW1 0.1778615564107895	0.33980607986450195	0.9235243201255798
		*TM_ROW2 0.8676115870475769	0.3886922597885132	-0.31011077761650085
		*TM_ROW3 -20.938899993896484	-19.98520278930664	85.89320373535156
		*TM_POS -20.938899993896484	-19.98520278930664	85.89320373535156
		*TM_ROTAXIS -0.38381069898605347	-0.7845816612243652	-0.48695075511932373
		*TM_ROTANGLE 2.370750780458091
		*TM_SCALE 1	1	1
		*TM_SCALEAXIS 0	0	0
		*TM_SCALEAXISANG 0	0	0
	}
}
*HELPEROBJECT {
	*NODE_NAME "ZS_BOW"
	*NODE_PARENT "Bip01 Spine2"
	*NODE_TM {
		*NODE_NAME "ZS_BOW"
		*TM_ROW0 -0.34181639552116394	-0.08682286739349365	0.9357474446296692
		*TM_ROW1 0.011943783611059189	0.9952413439750671	0.09670588374137878
		*TM_ROW2 -0.9396908283233643	0.044232022017240524	-0.33915281295776367
		*TM_ROW3 0.5012000203132629	12.414300918579102	124.54999542236328
		*TM_POS 0.5012000203132629	12.414300918579102	124.54999542236328
		*TM_ROTAXIS -0.027929900214076042	0.9982265830039978	0.05256984382867813
		*TM_ROTANGLE 1.9207602884609336
		*TM_SCALE 1	1	1
		*TM_SCALEAXIS 0	0	0
		*TM_SCALEAXISANG 0	0	0
	}
}
*HELPEROBJECT {
	*NODE_NAME "ZS_SHIELD"
	*NODE_PARENT "Bip01 Spine2"
	*NODE_TM {
		*NODE_NAME "ZS_SHIELD"
		*TM_ROW0 -0.013868112117052078	0.11419564485549927	-0.9933614730834961
		*TM_ROW1 -0.9083927869796753	0.4137546718120575	0.06024662405252457
		*TM_ROW2 0.4178878366947174	0.9031978845596313	0.09799650311470032
		*TM_ROW3 8.76511001586914	9.528200149536133	131.875
		*TM_POS 8.76511001586914	9.528200149536133	131.875
		*TM_ROTAXIS 0.435421347618103	-0.7289722561836243	-0.5282118320465088
		*TM_ROTANGLE 1.8245699232177572
		*TM_SCALE 1	1	1
		*TM_SCALEAXIS 0	0	0
		*TM_SCALEAXISANG 0	0	0
	}
}
*HELPEROBJECT {
	*NODE_NAME "ZS_LONGSWORD"
	*NODE_PARENT "Bip01 Spine2"
	*NODE_TM {
		*NODE_NAME "ZS_LONGSWORD"
		*TM_ROW0 -0.49982908368110657	-0.09150093793869019	0.8612773418426514
		*TM_ROW1 -0.8657289147377014	0.08281882852315903	-0.4936138391494751
		*TM_ROW2 -0.026163917034864426	-0.9923551678657532	-0.12061036378145218
		*TM_ROW3 -18.159299850463867	6.926290035247803	157.63999938964844
		*TM_POS -18.159299850463867	6.926290035247803	157.63999938964844
		*TM_ROTAXIS -0.38996028900146484	0.6938804388046265	-0.605360209941864
		*TM_ROTANGLE 2.447774742299683
		*TM_SCALE 1	1	1
		*TM_SCALEAXIS 0	0	0
		*TM_SCALEAXISANG 0	0	0
	}
}
*HELPEROBJECT {
	*NODE_NAME "ZS_CROSSBOW"
	*NODE_PARENT "Bip01 Spine2"
	*NODE_TM {
		*NODE_NAME "ZS_CROSSBOW"
		*TM_ROW0 -0.3826868534088135	-0.11146394908428192	0.9171295762062073
		*TM_ROW1 -0.9238781929016113	0.04617215692996979	-0.37989121675491333
		*TM_ROW2 -1.7113159174186876e-06	-0.9926953315734863	-0.12064862996339798
		*TM_ROW3 -14.433999061584473	10.591500282287598	165.97999572753906
		*TM_POS -14.433999061584473	10.591500282287598	165.97999572753906
		*TM_ROTAXIS -0.44732901453971863	0.6694789528846741	-0.5930385589599609
		*TM_ROTANGLE 2.3870451996795743
		*TM_SCALE 1	1	1
		*TM_SCALEAXIS 0	0	0
		*TM_SCALEAXISANG 0	0	0
	}
}
*HELPEROBJECT {
	*NODE_NAME "ZS_SWORD"
	*NODE_PARENT "Bip01 Spine"
	*NODE_TM {
		*NODE_NAME "ZS_SWORD"
		*TM_ROW0 4.2433444491507544e-07	-0.347171813249588	0.9378015398979187
		*TM_ROW1 7.884212038788974e-08	0.9378015398979187	0.347171813249588
		*TM_ROW2 -1.0	-7.884224118015482e-08	4.24334416493366e-07
		*TM_ROW3 17.50149917602539	-4.362110137939453	106.36698913574219
		*TM_POS 17.50149917602539	-4.362110137939453	106.36698913574219
		*TM_ROTAXIS -0.1736699491739273	0.969369649887085	0.1736699491739273
		*TM_ROTANGLE 1.6019001169072484
		*TM_SCALE 1	1	1
		*TM_SCALEAXIS 0	0	0
		*TM_SCALEAXISANG 0	0	0
	}
}
*HELPEROBJECT {
	*NODE_NAME "Bip01 L Thigh"
	*NODE_PARENT "Bip01 Pelvis"
	*NODE_TM {
		*NODE_NAME "Bip01 L Thigh"
		*TM_ROW0 0.05347722768783569	-0.03678722679615021	-0.9979103207588196
		*TM_ROW1 -0.002160620642825961	-0.999363362789154	0.03672422096133232
		*TM_ROW2 -0.9985858201980591	0.0001914530439535156	-0.053560756146907806
		*TM_ROW3 9.010167121887207	-8.011289596557617	99.94960021972656
		*TM_POS 9.010167121887207	-8.011289596557617	99.94960021972656
		*TM_ROTAXIS -0.7257298231124878	0.013418911956250668	0.6878635883331299
		*TM_ROTANGLE 3.116420318986428
		*TM_SCALE 1	1	1
		*TM_SCALEAXIS 0	0	0
		*TM_SCALEAXISANG 0	0	0
	}
}
*HELPEROBJECT {
	*NODE_NAME "Bip01 L Calf"
	*NODE_PARENT "Bip01 L Thigh"
	*NODE_TM {
		*NODE_NAME "Bip01 L Calf"
		*TM_ROW0 0.05251589044928551	0.19755135476589203	-0.978880763053894
		*TM_ROW1 0.010389644652605057	-0.9802840352058411	-0.19727805256843567
		*TM_ROW2 -0.9985620379447937	0.00018918317800853401	-0.05352512001991272
		*TM_ROW3 11.11483097076416	-9.458454132080078	60.68769836425781
		*TM_POS 11.11483097076416	-9.458454132080078	60.68769836425781
		*TM_ROTAXIS 0.7238990068435669	0.07214996963739395	-0.686119794845581
		*TM_ROTANGLE 3.004774773867224
		*TM_SCALE 1	1	1
		*TM_SCALEAXIS 0	0	0
		*TM_SCALEAXISANG 0	0	0
	}
}
*HELPEROBJECT {
	*NODE_NAME "Bip01 L Foot"
	*NODE_PARENT "Bip01 L Calf"
	*NODE_TM {
		*NODE_NAME "Bip01 L Foot"
		*TM_ROW0 -2.287194433847617e-09	7.501592790504219e-06	-1.0000003576278687
		*TM_ROW1 0.1736520677804947	-0.9848078489303589	-7.320234544749837e-06
		*TM_ROW2 -0.9848074913024902	-0.1736520677804947	-2.0751735974045005e-06
		*TM_ROW3 13.6934232711792	0.24065926671028137	12.626692771911621
		*TM_POS 13.6934232711792	0.24065926671028137	12.626692771911621
		*TM_ROTAXIS -0.7057579159736633	-0.06174979731440544	0.7057571411132812
		*TM_ROTANGLE 3.0182601708182513
		*TM_SCALE 1	1	1
		*TM_SCALEAXIS 0	0	0
		*TM_SCALEAXISANG 0	0	0
	}
}
*HELPEROBJECT {
	*NODE_NAME "Bip01 L Toe0"
	*NODE_PARENT "Bip01 L Foot"
	*NODE_TM {
		*NODE_NAME "Bip01 L Toe0"
		*TM_ROW0 0.1736457496881485	-0.9848082661628723	5.08662060383358e-06
		*TM_ROW1 4.8809592954057734e-06	5.948879334027879e-06	1.0000001192092896
		*TM_ROW2 -0.9848082661628723	-0.17364583909511566	5.776308626082027e-06
		*TM_ROW3 17.62551498413086	-22.059104919433594	-1.233456532645505e-05
		*TM_POS 17.62551498413086	-22.059104919433594	-1.233456532645505e-05
		*TM_ROTAXIS -0.6443976759910583	0.5407179594039917	0.5407178401947021
		*TM_ROTANGLE 1.9967298810256764
		*TM_SCALE 1	1	1
		*TM_SCALEAXIS 0	0	0
		*TM_SCALEAXISANG 0	0	0
	}
}
*HELPEROBJECT {
	*NODE_NAME "Bip01 R Thigh"
	*NODE_PARENT "Bip01 Pelvis"
	*NODE_TM {
		*NODE_NAME "Bip01 R Thigh"
		*TM_ROW0 -0.05355056747794151	-0.03677535429596901	-0.9979386925697327
		*TM_ROW1 0.0020573469810187817	-0.999420166015625	0.036717869341373444
		*TM_ROW2 -0.9986139535903931	-8.861290552886203e-05	0.053493425250053406
		*TM_ROW3 -9.010272026062012	-8.011320114135742	99.94960021972656
		*TM_POS -9.010272026062012	-8.011320114135742	99.94960021972656
		*TM_ROTAXIS -0.6878798604011536	0.012620016932487488	0.7257481217384338
		*TM_ROTANGLE 3.1148358934719167
		*TM_SCALE 1	1	1
		*TM_SCALEAXIS 0	0	0
		*TM_SCALEAXISANG 0	0	0
	}
}
*HELPEROBJECT {
	*NODE_NAME "Bip01 R Calf"
	*NODE_PARENT "Bip01 R Thigh"
	*NODE_TM {
		*NODE_NAME "Bip01 R Calf"
		*TM_ROW0 -0.05250466614961624	0.19753889739513397	-0.9788894057273865
		*TM_ROW1 -0.010496856644749641	-0.9802978038787842	-0.1972598284482956
		*TM_ROW2 -0.9985669255256653	-8.152973896358162e-05	0.053540900349617004
		*TM_ROW3 -11.115462303161621	-9.458560943603516	60.68779373168945
		*TM_POS -11.115462303161621	-9.458560943603516	60.68779373168945
		*TM_ROTAXIS 0.6862985491752625	0.06848954409360886	-0.7240889668464661
		*TM_ROTANGLE 2.9974404849806997
		*TM_SCALE 1	1	1
		*TM_SCALEAXIS 0	0	0
		*TM_SCALEAXISANG 0	0	0
	}
}
*HELPEROBJECT {
	*NODE_NAME "Bip01 R Foot"
	*NODE_PARENT "Bip01 R Calf"
	*NODE_TM {
		*NODE_NAME "Bip01 R Foot"
		*TM_ROW0 -2.2741573957318906e-06	-7.209685009001987e-06	-1.0000005960464478
		*TM_ROW1 -0.1736520677804947	-0.9848082065582275	7.394335625576787e-06
		*TM_ROW2 -0.9848076701164246	0.1736520677804947	-1.636379352021322e-07
		*TM_ROW3 -13.693568229675293	0.2406506985425949	12.626688003540039
		*TM_POS -13.693568229675293	0.2406506985425949	12.626688003540039
		*TM_ROTAXIS 0.705757200717926	-0.06174975261092186	-0.7057579755783081
		*TM_ROTANGLE 3.018260104414761
		*TM_SCALE 1	1	1
		*TM_SCALEAXIS 0	0	0
		*TM_SCALEAXISANG 0	0	0
	}
}
*HELPEROBJECT {
	*NODE_NAME "Bip01 R Toe0"
	*NODE_PARENT "Bip01 R Foot"
	*NODE_TM {
		*NODE_NAME "Bip01 R Toe0"
		*TM_ROW0 -0.17365124821662903	-0.9848073124885559	3.459627578195068e-06
		*TM_ROW1 3.5302136893733405e-06	2.7859121018991573e-06	1.0000001192092896
		*TM_ROW2 -0.9848073124885559	0.17365114390850067	2.8700337679765653e-06
		*TM_ROW3 -17.625574111938477	-22.059200286865234	2.5509714760119095e-05
		*TM_POS -17.625574111938477	-22.059200286865234	2.5509714760119095e-05
		*TM_ROTAXIS -0.5102711319923401	0.6081214547157288	0.6081215143203735
		*TM_ROTANGLE 2.1979254480869788
		*TM_SCALE 1	1	1
		*TM_SCALEAXIS 0	0	0
		*TM_SCALEAXISANG 0	0	0
	}
}
*GEOMOBJECT {
	*NODE_NAME "zm_Lump1"
	*NODE_PARENT "Bip01"
	*NODE_TM {
		*NODE_NAME "zm_Lump1"
		*TM_ROW0 -1.0	1.5099580252808664e-07	0.0
		*TM_ROW1 -1.5099580252808664e-07	-1.0	0.0
		*TM_ROW2 0.0	0.0	1.0
		*TM_ROW3 0.0	0.0	0.0
		*TM_POS 0.0	0.0	0.0
		*TM_ROTAXIS 0.0	0.0	1.0
		*TM_ROTANGLE 3.1415928045855956
		*TM_SCALE 1	1	1
		*TM_SCALEAXIS 0	0	0
		*TM_SCALEAXISANG 0	0	0
	}
	*MATERIAL_REF 0
	*MESH_SOFTSKIN {
		*TIMEVALUE 0
		*MESH_NUMVERTEX 296
		*MESH_NUMFACES 568
		*MESH_VERTEX_LIST {
			*MESH_VERTEX 0	0.04017668962478638	-21.916698455810547	115.33501434326172
			*MESH_VERTEX 1	11.730798721313477	9.535327911376953	2.2829391956329346
			*MESH_VERTEX 2	11.256794929504395	-21.4064998626709	-0.3956415355205536
			*MESH_VERTEX 3	-10.012398719787598	9.366710662841797	2.653261184692383
			*MESH_VERTEX 4	-24.181804656982422	-14.982695579528809	-1.7825487852096558
			*MESH_VERTEX 5	-24.04890251159668	4.830362796783447	119.96699523925781
			*MESH_VERTEX 6	-29.078399658203125	-6.524305820465088	79.1510009765625
			*MESH_VERTEX 7	-15.95940113067627	-6.2911481857299805	136.11099243164062
			*MESH_VERTEX 8	4.7447967529296875	-18.24020004272461	95.18830108642578
			*MESH_VERTEX 9	-3.142899990081787	3.2837700843811035	90.47940063476562
			*MESH_VERTEX 10	15.157095909118652	-8.567671775817871	9.821430206298828
			*MESH_VERTEX 11	15.951998710632324	-5.903852462768555	136.49000549316406
			*MESH_VERTEX 12	-20.430797576904297	6.006452560424805	142.96800231933594
			*MESH_VERTEX 13	-3.542570114135742	0.5435773730278015	166.9739990234375
			*MESH_VERTEX 14	26.25209617614746	-15.893006324768066	84.20529174804688
			*MESH_VERTEX 15	21.062902450561523	6.029665470123291	143.09800720214844
			*MESH_VERTEX 16	-13.433401107788086	-10.2969970703125	115.07498931884766
			*MESH_VERTEX 17	6.4265360832214355	-19.470600128173828	64.91000366210938
			*MESH_VERTEX 18	-23.68520164489746	-13.990196228027344	79.00890350341797
			*MESH_VERTEX 19	-14.597002029418945	-10.155298233032227	115.08600616455078
			*MESH_VERTEX 20	14.490097999572754	-8.871830940246582	115.05999755859375
			*MESH_VERTEX 21	13.62289810180664	-8.618931770324707	115.14799499511719
			*MESH_VERTEX 22	0.040386758744716644	-21.45639991760254	115.3270034790039
			*MESH_VERTEX 23	-26.205406188964844	-15.834794998168945	85.11610412597656
			*MESH_VERTEX 24	30.475801467895508	-4.642423629760742	119.05500030517578
			*MESH_VERTEX 25	22.66619873046875	-11.607505798339844	87.09349060058594
			*MESH_VERTEX 26	-15.183697700500488	-2.135347604751587	64.64939880371094
			*MESH_VERTEX 27	0.16076993942260742	4.802129745483398	94.18890380859375
			*MESH_VERTEX 28	4.779169082641602	-8.258689880371094	163.20899963378906
			*MESH_VERTEX 29	-4.9229607582092285	-8.148777961730957	162.97000122070312
			*MESH_VERTEX 30	-14.251301765441895	-21.01909637451172	-1.0916588306427002
			*MESH_VERTEX 31	-30.224397659301758	-4.363655090332031	119.63299560546875
			*MESH_VERTEX 32	-15.731802940368652	-10.731396675109863	149.55599975585938
			*MESH_VERTEX 33	-7.135319709777832	1.2175906896591187	156.24400329589844
			*MESH_VERTEX 34	0.04665832221508026	-11.10939884185791	148.77999877929688
			*MESH_VERTEX 35	23.65180015563965	-8.1676025390625	150.14100646972656
			*MESH_VERTEX 36	7.356780052185059	1.4820784330368042	156.3209991455078
			*MESH_VERTEX 37	21.952594757080078	-16.935501098632812	-1.5051103830337524
			*MESH_VERTEX 38	-28.928199768066406	1.7023332118988037	139.97799682617188
			*MESH_VERTEX 39	23.25010108947754	-4.24080228805542	116.07099914550781
			*MESH_VERTEX 40	3.7796199321746826	0.30049628019332886	166.98397827148438
			*MESH_VERTEX 41	34.402198791503906	0.3855914771556854	107.28901672363281
			*MESH_VERTEX 42	23.61939811706543	-13.999004364013672	78.1543960571289
			*MESH_VERTEX 43	-22.58460235595703	-11.521495819091797	87.95439910888672
			*MESH_VERTEX 44	-16.081302642822266	-8.182276725769043	9.526901245117188
			*MESH_VERTEX 45	-18.89409828186035	1.3065931797027588	12.351302146911621
			*MESH_VERTEX 46	-8.813539505004883	-1.7690684795379639	114.90099334716797
			*MESH_VERTEX 47	12.55529499053955	-20.22100257873535	65.29060363769531
			*MESH_VERTEX 48	15.51679801940918	-2.6787924766540527	64.30620574951172
			*MESH_VERTEX 49	5.053259372711182	-0.8717639446258545	49.29540252685547
			*MESH_VERTEX 50	18.699399948120117	0.7081747055053711	12.00210189819336
			*MESH_VERTEX 51	-12.811203002929688	-21.439796447753906	134.0399932861328
			*MESH_VERTEX 52	-8.432390213012695	-2.4932985305786133	114.93699645996094
			*MESH_VERTEX 53	-13.38900375366211	-21.039396286010742	87.61949157714844
			*MESH_VERTEX 54	29.03380012512207	-6.539076805114746	78.26739501953125
			*MESH_VERTEX 55	28.530895233154297	-17.40650749206543	80.03899383544922
			*MESH_VERTEX 56	34.38629913330078	-9.42377758026123	81.04259490966797
			*MESH_VERTEX 57	-28.563005447387695	-17.37899398803711	80.99930572509766
			*MESH_VERTEX 58	-34.38560485839844	-9.386013984680176	82.03260040283203
			*MESH_VERTEX 59	12.915797233581543	-21.156497955322266	134.2519989013672
			*MESH_VERTEX 60	-22.422401428222656	-12.212796211242676	137.8509979248047
			*MESH_VERTEX 61	-17.6123046875	-10.420597076416016	134.53900146484375
			*MESH_VERTEX 62	8.466588973999023	-1.2732912302017212	114.88899993896484
			*MESH_VERTEX 63	-15.139100074768066	1.791122317314148	129.5469970703125
			*MESH_VERTEX 64	-16.678699493408203	1.88522207736969	136.98399353027344
			*MESH_VERTEX 65	23.386898040771484	0.6981251835823059	150.1119842529297
			*MESH_VERTEX 66	-34.246700286865234	0.680925726890564	108.26700592041016
			*MESH_VERTEX 67	7.750870227813721	-1.5070710182189941	114.97700500488281
			*MESH_VERTEX 68	-19.409597396850586	-0.5546966791152954	51.11320114135742
			*MESH_VERTEX 69	-9.38585090637207	-16.19019889831543	56.26289749145508
			*MESH_VERTEX 70	-0.09406173229217529	-10.321399688720703	91.9208984375
			*MESH_VERTEX 71	-5.407862663269043	-19.544397354125977	95.34329986572266
			*MESH_VERTEX 72	-22.373701095581055	-7.933546543121338	150.39500427246094
			*MESH_VERTEX 73	3.29168963432312	2.811548948287964	90.41090393066406
			*MESH_VERTEX 74	16.826698303222656	-10.838602066040039	149.33999633789062
			*MESH_VERTEX 75	-22.29330062866211	-3.9374868869781494	118.61299133300781
			*MESH_VERTEX 76	18.338199615478516	-10.483100891113281	134.0850067138672
			*MESH_VERTEX 77	25.34429931640625	3.787856101989746	116.0979995727539
			*MESH_VERTEX 78	17.295299530029297	1.9726369380950928	137.08798217773438
			*MESH_VERTEX 79	8.849469184875488	-0.3565436601638794	11.531201362609863
			*MESH_VERTEX 80	-26.244604110717773	-14.854896545410156	80.01900482177734
			*MESH_VERTEX 81	-23.83350372314453	-16.024995803833008	84.42681121826172
			*MESH_VERTEX 82	-26.309602737426758	-12.94349479675293	92.91730499267578
			*MESH_VERTEX 83	26.196796417236328	-14.864906311035156	79.14479064941406
			*MESH_VERTEX 84	23.869997024536133	-16.078004837036133	83.55089569091797
			*MESH_VERTEX 85	26.351896286010742	-13.051804542541504	91.9374008178711
			*MESH_VERTEX 86	18.04929542541504	-11.825303077697754	73.42250061035156
			*MESH_VERTEX 87	-9.121869087219238	-0.795648455619812	11.443500518798828
			*MESH_VERTEX 88	-7.586780071258545	-1.8714885711669922	64.41839599609375
			*MESH_VERTEX 89	-11.99439811706543	3.5354416370391846	51.74300003051758
			*MESH_VERTEX 90	-16.386999130249023	6.925032138824463	0.17436614632606506
			*MESH_VERTEX 91	29.9501953125	1.3933441638946533	139.8409881591797
			*MESH_VERTEX 92	10.22109603881836	-18.294601440429688	100.74999237060547
			*MESH_VERTEX 93	2.45064640045166	-20.12779998779297	93.84880828857422
			*MESH_VERTEX 94	23.2372989654541	-14.27470588684082	77.73649597167969
			*MESH_VERTEX 95	-23.30990219116211	-14.269197463989258	78.58699798583984
			*MESH_VERTEX 96	17.539400100708008	6.018046855926514	-0.29557251930236816
			*MESH_VERTEX 97	18.80279541015625	-13.309404373168945	143.07098388671875
			*MESH_VERTEX 98	7.456739902496338	4.981998443603516	0.07464788854122162
			*MESH_VERTEX 99	-22.009700775146484	1.1152225732803345	150.1230010986328
			*MESH_VERTEX 100	25.889297485351562	-8.134044647216797	90.9032974243164
			*MESH_VERTEX 101	22.15019989013672	-1.0732529163360596	107.58501434326172
			*MESH_VERTEX 102	-6.521799564361572	4.3530802726745605	0.2719961702823639
			*MESH_VERTEX 103	-29.67729949951172	-4.929925918579102	137.4759979248047
			*MESH_VERTEX 104	30.504501342773438	-5.192783355712891	137.08798217773438
			*MESH_VERTEX 105	-7.42521858215332	3.3995509147644043	98.21040344238281
			*MESH_VERTEX 106	-16.7533016204834	-9.715558052062988	139.7790069580078
			*MESH_VERTEX 107	-13.430696487426758	6.405332088470459	14.036500930786133
			*MESH_VERTEX 108	-5.161238670349121	-0.644237756729126	49.4556999206543
			*MESH_VERTEX 109	15.348299980163574	2.040867805480957	129.85000610351562
			*MESH_VERTEX 110	-17.59760284423828	-21.842195510864258	-1.4334588050842285
			*MESH_VERTEX 111	-11.43230152130127	-12.971096992492676	5.997641086578369
			*MESH_VERTEX 112	-17.724803924560547	-21.033794403076172	3.0633511543273926
			*MESH_VERTEX 113	11.924899101257324	1.0449283123016357	92.13809967041016
			*MESH_VERTEX 114	11.914700508117676	2.832157850265503	51.08440017700195
			*MESH_VERTEX 115	7.615199089050293	-1.8469109535217285	64.30270385742188
			*MESH_VERTEX 116	-5.974140644073486	-4.416489124298096	155.98699951171875
			*MESH_VERTEX 117	14.437894821166992	-22.76709747314453	-0.7739225625991821
			*MESH_VERTEX 118	9.816916465759277	-12.75610065460205	6.368438720703125
			*MESH_VERTEX 119	14.780495643615723	-21.787500381469727	3.6956093311309814
			*MESH_VERTEX 120	6.2282490730285645	-4.193591117858887	156.05198669433594
			*MESH_VERTEX 121	-25.87439727783203	-8.028197288513184	91.85380554199219
			*MESH_VERTEX 122	-21.935497283935547	-0.8101855516433716	108.35100555419922
			*MESH_VERTEX 123	-28.918201446533203	-5.9016852378845215	87.589111328125
			*MESH_VERTEX 124	-27.642202377319336	-4.66493558883667	84.58270263671875
			*MESH_VERTEX 125	28.987300872802734	-5.975966930389404	86.7001953125
			*MESH_VERTEX 126	27.678298950195312	-4.7203369140625	83.7223892211914
			*MESH_VERTEX 127	-6.5137104988098145	-4.6762590408325195	164.7449951171875
			*MESH_VERTEX 128	-24.565702438354492	-12.929296493530273	79.08480834960938
			*MESH_VERTEX 129	14.514097213745117	-10.15160083770752	123.52400207519531
			*MESH_VERTEX 130	24.501798629760742	-12.929905891418457	78.2553939819336
			*MESH_VERTEX 131	-24.991504669189453	-16.19659423828125	79.51710510253906
			*MESH_VERTEX 132	24.932395935058594	-16.209707260131836	78.62589263916016
			*MESH_VERTEX 133	-18.94260025024414	-7.529226779937744	87.30859375
			*MESH_VERTEX 134	26.65340232849121	-5.919673442840576	118.47199249267578
			*MESH_VERTEX 135	6.395669460296631	-4.985701084136963	164.84500122070312
			*MESH_VERTEX 136	30.72480010986328	2.3596858978271484	106.62001037597656
			*MESH_VERTEX 137	13.895800590515137	6.479496479034424	13.929101943969727
			*MESH_VERTEX 138	-18.126401901245117	-13.437296867370605	143.13999938964844
			*MESH_VERTEX 139	4.772418022155762	-6.702540874481201	63.339508056640625
			*MESH_VERTEX 140	31.200897216796875	-5.988126277923584	90.50969696044922
			*MESH_VERTEX 141	32.19759750366211	-10.027007102966309	91.8958969116211
			*MESH_VERTEX 142	-31.201797485351562	-5.9248151779174805	91.36811828613281
			*MESH_VERTEX 143	-32.187503814697266	-9.967485427856445	92.76651000976562
			*MESH_VERTEX 144	-6.000940322875977	-7.059159278869629	63.2610969543457
			*MESH_VERTEX 145	3.3211357593536377	-19.9507999420166	86.67829895019531
			*MESH_VERTEX 146	-34.021995544433594	-3.7240049839019775	109.47000885009766
			*MESH_VERTEX 147	18.47339630126953	-8.759902954101562	87.32589721679688
			*MESH_VERTEX 148	-13.606203079223633	-19.899396896362305	64.90170288085938
			*MESH_VERTEX 149	0.04491050913929939	3.397829532623291	156.16299438476562
			*MESH_VERTEX 150	-14.506401062011719	-10.445596694946289	123.34200286865234
			*MESH_VERTEX 151	34.11000061035156	-4.061644077301025	108.54000854492188
			*MESH_VERTEX 152	16.529802322387695	6.833996772766113	139.97598266601562
			*MESH_VERTEX 153	-26.42729949951172	-5.696266174316406	119.00399780273438
			*MESH_VERTEX 154	-9.97772216796875	-16.455097198486328	109.74900817871094
			*MESH_VERTEX 155	0.05061008781194687	0.5999211072921753	114.85400390625
			*MESH_VERTEX 156	14.131795883178711	-18.020700454711914	142.44900512695312
			*MESH_VERTEX 157	0.04666650667786598	-23.15239715576172	133.72500610351562
			*MESH_VERTEX 158	16.939897537231445	-10.89830207824707	139.7689971923828
			*MESH_VERTEX 159	23.124300003051758	-12.303302764892578	137.5240020751953
			*MESH_VERTEX 160	-23.956802368164062	-11.91629695892334	141.802001953125
			*MESH_VERTEX 161	-16.216999053955078	-7.558277130126953	63.864200592041016
			*MESH_VERTEX 162	-22.23000144958496	-10.034794807434082	5.394900798797607
			*MESH_VERTEX 163	8.231866836547852	-16.517301559448242	56.60689926147461
			*MESH_VERTEX 164	14.663797378540039	-7.249551773071289	13.745999336242676
			*MESH_VERTEX 165	0.05224025994539261	1.717039704322815	167.41099548339844
			*MESH_VERTEX 166	10.360397338867188	-15.610800743103027	109.72001647949219
			*MESH_VERTEX 167	12.461198806762695	-0.6612849235534668	103.88800048828125
			*MESH_VERTEX 168	14.623497009277344	-9.03468132019043	109.47599792480469
			*MESH_VERTEX 169	8.46677017211914	-1.206741213798523	109.17899322509766
			*MESH_VERTEX 170	-24.206100463867188	6.131143569946289	138.4969940185547
			*MESH_VERTEX 171	-13.602702140808105	-18.27959632873535	142.10800170898438
			*MESH_VERTEX 172	20.91889762878418	-11.492801666259766	5.462159633636475
			*MESH_VERTEX 173	17.809200286865234	-7.651231288909912	130.22000122070312
			*MESH_VERTEX 174	-16.430797576904297	6.769801616668701	139.82998657226562
			*MESH_VERTEX 175	-17.004501342773438	-7.530508041381836	130.73699951171875
			*MESH_VERTEX 176	-4.490323543548584	-21.38229751586914	86.52789306640625
			*MESH_VERTEX 177	8.529069900512695	1.0220091342926025	121.84999084472656
			*MESH_VERTEX 178	10.367697715759277	-15.444500923156738	115.2030029296875
			*MESH_VERTEX 179	24.626598358154297	-11.984903335571289	141.48300170898438
			*MESH_VERTEX 180	9.200547218322754	-18.916501998901367	123.68800354003906
			*MESH_VERTEX 181	10.347197532653809	-14.375000953674316	115.25001525878906
			*MESH_VERTEX 182	-21.90070152282715	-13.873296737670898	82.85559844970703
			*MESH_VERTEX 183	21.91379737854004	-13.914005279541016	82.02769470214844
			*MESH_VERTEX 184	-19.269500732421875	-6.556886672973633	51.37299728393555
			*MESH_VERTEX 185	0.053001049906015396	6.978879928588867	137.61399841308594
			*MESH_VERTEX 186	-8.730559349060059	0.8558027744293213	121.74298858642578
			*MESH_VERTEX 187	32.16960525512695	1.3750052452087402	117.3389892578125
			*MESH_VERTEX 188	29.168201446533203	4.6841559410095215	119.62299346923828
			*MESH_VERTEX 189	-9.977802276611328	-16.295698165893555	115.218994140625
			*MESH_VERTEX 190	18.71780014038086	-1.9068429470062256	50.3251953125
			*MESH_VERTEX 191	-0.05144144594669342	-9.556459426879883	162.27000427246094
			*MESH_VERTEX 192	16.1509952545166	-8.177971839904785	63.614105224609375
			*MESH_VERTEX 193	-17.661800384521484	3.4256224632263184	134.968994140625
			*MESH_VERTEX 194	21.95909881591797	-6.853941917419434	109.22900390625
			*MESH_VERTEX 195	24.805200576782227	2.5286366939544678	106.59700775146484
			*MESH_VERTEX 196	-10.587200164794922	1.5780813694000244	86.28410339355469
			*MESH_VERTEX 197	17.199899673461914	-5.71018123626709	135.0489959716797
			*MESH_VERTEX 198	18.66600227355957	3.3542373180389404	134.302978515625
			*MESH_VERTEX 199	16.924701690673828	-2.703711748123169	131.61599731445312
			*MESH_VERTEX 200	-16.023502349853516	-2.6169381141662598	132.2239990234375
			*MESH_VERTEX 201	0.040186699479818344	-21.848899841308594	109.94100952148438
			*MESH_VERTEX 202	-2.4210634231567383	-20.160900115966797	93.63140106201172
			*MESH_VERTEX 203	-11.598999977111816	-0.5059332847595215	103.7750015258789
			*MESH_VERTEX 204	0.050189949572086334	-0.30242887139320374	114.93899536132812
			*MESH_VERTEX 205	-4.917610168457031	-6.833688259124756	49.54410171508789
			*MESH_VERTEX 206	-14.924301147460938	-7.231616973876953	13.549700736999512
			*MESH_VERTEX 207	-7.697412967681885	-19.572296142578125	64.30159759521484
			*MESH_VERTEX 208	-9.220612525939941	-19.09389877319336	123.55999755859375
			*MESH_VERTEX 209	-9.530712127685547	-15.700697898864746	115.19501495361328
			*MESH_VERTEX 210	24.586198806762695	-14.628905296325684	88.59548950195312
			*MESH_VERTEX 211	-3.459660768508911	0.3533002734184265	85.85879516601562
			*MESH_VERTEX 212	-22.882301330566406	-0.11235581338405609	116.73400115966797
			*MESH_VERTEX 213	4.315898418426514	-7.004840850830078	49.700401306152344
			*MESH_VERTEX 214	-24.485002517700195	-14.534796714782715	89.49820709228516
			*MESH_VERTEX 215	18.083297729492188	-7.899222373962402	50.88800048828125
			*MESH_VERTEX 216	30.069196701049805	-12.870306015014648	92.58689880371094
